0 206.13 166.667 466.667
1 -206.13 166.667 466.667
2 206.13 133.333 466.667
3 -206.13 133.333 466.667
4 206.13 100 466.667
5 -206.13 100 466.667
6 206.13 66.6667 466.667
7 -206.13 66.6667 466.667
8 206.13 33.3333 466.667
9 -206.13 33.3333 466.667
10 206.13 8.49293e-16 466.667
11 -206.13 -2.54788e-15 466.667
12 206.13 -33.3333 466.667
13 -206.13 -33.3333 466.667
14 206.13 -66.6667 466.667
15 -206.13 -66.6667 466.667
16 206.13 -100 466.667
17 -206.13 -100 466.667
18 206.13 -133.333 466.667
19 -206.13 -133.333 466.667
20 206.13 -166.667 466.667
21 -206.13 -166.667 466.667
22 206.13 166.667 433.333
23 -206.13 166.667 433.333
24 206.13 133.333 433.333
25 -206.13 133.333 433.333
26 206.13 100 433.333
27 -206.13 100 433.333
28 206.13 66.6667 433.333
29 -206.13 66.6667 433.333
30 206.13 33.3333 433.333
31 -206.13 33.3333 433.333
32 206.13 8.49293e-16 433.333
33 -206.13 -2.54788e-15 433.333
34 206.13 -33.3333 433.333
35 -206.13 -33.3333 433.333
36 206.13 -66.6667 433.333
37 -206.13 -66.6667 433.333
38 206.13 -100 433.333
39 -206.13 -100 433.333
40 206.13 -133.333 433.333
41 -206.13 -133.333 433.333
42 206.13 -166.667 433.333
43 -206.13 -166.667 433.333
44 206.13 166.667 400
45 -206.13 166.667 400
46 206.13 133.333 400
47 -206.13 133.333 400
48 206.13 100 400
49 -206.13 100 400
50 206.13 66.6667 400
51 -206.13 66.6667 400
52 206.13 33.3333 400
53 -206.13 33.3333 400
54 206.13 8.49293e-16 400
55 -206.13 -2.54788e-15 400
56 206.13 -33.3333 400
57 -206.13 -33.3333 400
58 206.13 -66.6667 400
59 -206.13 -66.6667 400
60 206.13 -100 400
61 -206.13 -100 400
62 206.13 -133.333 400
63 -206.13 -133.333 400
64 206.13 -166.667 400
65 -206.13 -166.667 400
66 206.13 166.667 366.667
67 -206.13 166.667 366.667
68 206.13 133.333 366.667
69 -206.13 133.333 366.667
70 206.13 100 366.667
71 -206.13 100 366.667
72 206.13 66.6667 366.667
73 -206.13 66.6667 366.667
74 206.13 33.3333 366.667
75 -206.13 33.3333 366.667
76 206.13 8.49293e-16 366.667
77 -206.13 -2.54788e-15 366.667
78 206.13 -33.3333 366.667
79 -206.13 -33.3333 366.667
80 206.13 -66.6667 366.667
81 -206.13 -66.6667 366.667
82 206.13 -100 366.667
83 -206.13 -100 366.667
84 206.13 -133.333 366.667
85 -206.13 -133.333 366.667
86 206.13 -166.667 366.667
87 -206.13 -166.667 366.667
88 206.13 166.667 333.333
89 -206.13 166.667 333.333
90 206.13 133.333 333.333
91 -206.13 133.333 333.333
92 206.13 100 333.333
93 -206.13 100 333.333
94 206.13 66.6667 333.333
95 -206.13 66.6667 333.333
96 206.13 33.3333 333.333
97 -206.13 33.3333 333.333
98 206.13 8.49293e-16 333.333
99 -206.13 -2.54788e-15 333.333
100 206.13 -33.3333 333.333
101 -206.13 -33.3333 333.333
102 206.13 -66.6667 333.333
103 -206.13 -66.6667 333.333
104 206.13 -100 333.333
105 -206.13 -100 333.333
106 206.13 -133.333 333.333
107 -206.13 -133.333 333.333
108 206.13 -166.667 333.333
109 -206.13 -166.667 333.333
110 206.13 166.667 300
111 -206.13 166.667 300
112 206.13 133.333 300
113 -206.13 133.333 300
114 206.13 100 300
115 -206.13 100 300
116 206.13 66.6667 300
117 -206.13 66.6667 300
118 206.13 33.3333 300
119 -206.13 33.3333 300
120 206.13 8.49293e-16 300
121 -206.13 -2.54788e-15 300
122 206.13 -33.3333 300
123 -206.13 -33.3333 300
124 206.13 -66.6667 300
125 -206.13 -66.6667 300
126 206.13 -100 300
127 -206.13 -100 300
128 206.13 -133.333 300
129 -206.13 -133.333 300
130 206.13 -166.667 300
131 -206.13 -166.667 300
132 206.13 166.667 266.667
133 -206.13 166.667 266.667
134 206.13 133.333 266.667
135 -206.13 133.333 266.667
136 206.13 100 266.667
137 -206.13 100 266.667
138 206.13 66.6667 266.667
139 -206.13 66.6667 266.667
140 206.13 33.3333 266.667
141 -206.13 33.3333 266.667
142 206.13 8.49293e-16 266.667
143 -206.13 -2.54788e-15 266.667
144 206.13 -33.3333 266.667
145 -206.13 -33.3333 266.667
146 206.13 -66.6667 266.667
147 -206.13 -66.6667 266.667
148 206.13 -100 266.667
149 -206.13 -100 266.667
150 206.13 -133.333 266.667
151 -206.13 -133.333 266.667
152 206.13 -166.667 266.667
153 -206.13 -166.667 266.667
154 206.13 166.667 233.333
155 -206.13 166.667 233.333
156 206.13 133.333 233.333
157 -206.13 133.333 233.333
158 206.13 100 233.333
159 -206.13 100 233.333
160 206.13 66.6667 233.333
161 -206.13 66.6667 233.333
162 206.13 33.3333 233.333
163 -206.13 33.3333 233.333
164 206.13 8.49293e-16 233.333
165 -206.13 -2.54788e-15 233.333
166 206.13 -33.3333 233.333
167 -206.13 -33.3333 233.333
168 206.13 -66.6667 233.333
169 -206.13 -66.6667 233.333
170 206.13 -100 233.333
171 -206.13 -100 233.333
172 206.13 -133.333 233.333
173 -206.13 -133.333 233.333
174 206.13 -166.667 233.333
175 -206.13 -166.667 233.333
176 206.13 166.667 200
177 -206.13 166.667 200
178 206.13 133.333 200
179 -206.13 133.333 200
180 206.13 100 200
181 -206.13 100 200
182 206.13 66.6667 200
183 -206.13 66.6667 200
184 206.13 33.3333 200
185 -206.13 33.3333 200
186 206.13 8.49293e-16 200
187 -206.13 -2.54788e-15 200
188 206.13 -33.3333 200
189 -206.13 -33.3333 200
190 206.13 -66.6667 200
191 -206.13 -66.6667 200
192 206.13 -100 200
193 -206.13 -100 200
194 206.13 -133.333 200
195 -206.13 -133.333 200
196 206.13 -166.667 200
197 -206.13 -166.667 200
198 206.13 166.667 166.667
199 -206.13 166.667 166.667
200 206.13 133.333 166.667
201 -206.13 133.333 166.667
202 206.13 100 166.667
203 -206.13 100 166.667
204 206.13 66.6667 166.667
205 -206.13 66.6667 166.667
206 206.13 33.3333 166.667
207 -206.13 33.3333 166.667
208 206.13 8.49293e-16 166.667
209 -206.13 -2.54788e-15 166.667
210 206.13 -33.3333 166.667
211 -206.13 -33.3333 166.667
212 206.13 -66.6667 166.667
213 -206.13 -66.6667 166.667
214 206.13 -100 166.667
215 -206.13 -100 166.667
216 206.13 -133.333 166.667
217 -206.13 -133.333 166.667
218 206.13 -166.667 166.667
219 -206.13 -166.667 166.667
220 206.13 166.667 133.333
221 -206.13 166.667 133.333
222 206.13 133.333 133.333
223 -206.13 133.333 133.333
224 206.13 100 133.333
225 -206.13 100 133.333
226 206.13 66.6667 133.333
227 -206.13 66.6667 133.333
228 206.13 33.3333 133.333
229 -206.13 33.3333 133.333
230 206.13 8.49293e-16 133.333
231 -206.13 -2.54788e-15 133.333
232 206.13 -33.3333 133.333
233 -206.13 -33.3333 133.333
234 206.13 -66.6667 133.333
235 -206.13 -66.6667 133.333
236 206.13 -100 133.333
237 -206.13 -100 133.333
238 206.13 -133.333 133.333
239 -206.13 -133.333 133.333
240 206.13 -166.667 133.333
241 -206.13 -166.667 133.333
242 206.13 166.667 100
243 -206.13 166.667 100
244 206.13 133.333 100
245 -206.13 133.333 100
246 206.13 100 100
247 -206.13 100 100
248 206.13 66.6667 100
249 -206.13 66.6667 100
250 206.13 33.3333 100
251 -206.13 33.3333 100
252 206.13 8.49293e-16 100
253 -206.13 -2.54788e-15 100
254 206.13 -33.3333 100
255 -206.13 -33.3333 100
256 206.13 -66.6667 100
257 -206.13 -66.6667 100
258 206.13 -100 100
259 -206.13 -100 100
260 206.13 -133.333 100
261 -206.13 -133.333 100
262 206.13 -166.667 100
263 -206.13 -166.667 100
264 206.13 166.667 66.6667
265 -206.13 166.667 66.6667
266 206.13 133.333 66.6667
267 -206.13 133.333 66.6667
268 206.13 100 66.6667
269 -206.13 100 66.6667
270 206.13 66.6667 66.6667
271 -206.13 66.6667 66.6667
272 206.13 33.3333 66.6667
273 -206.13 33.3333 66.6667
274 206.13 8.49293e-16 66.6667
275 -206.13 -2.54788e-15 66.6667
276 206.13 -33.3333 66.6667
277 -206.13 -33.3333 66.6667
278 206.13 -66.6667 66.6667
279 -206.13 -66.6667 66.6667
280 206.13 -100 66.6667
281 -206.13 -100 66.6667
282 206.13 -133.333 66.6667
283 -206.13 -133.333 66.6667
284 206.13 -166.667 66.6667
285 -206.13 -166.667 66.6667
286 206.13 166.667 33.3333
287 -206.13 166.667 33.3333
288 206.13 133.333 33.3333
289 -206.13 133.333 33.3333
290 206.13 100 33.3333
291 -206.13 100 33.3333
292 206.13 66.6667 33.3333
293 -206.13 66.6667 33.3333
294 206.13 33.3333 33.3333
295 -206.13 33.3333 33.3333
296 206.13 8.49293e-16 33.3333
297 -206.13 -2.54788e-15 33.3333
298 206.13 -33.3333 33.3333
299 -206.13 -33.3333 33.3333
300 206.13 -66.6667 33.3333
301 -206.13 -66.6667 33.3333
302 206.13 -100 33.3333
303 -206.13 -100 33.3333
304 206.13 -133.333 33.3333
305 -206.13 -133.333 33.3333
306 206.13 -166.667 33.3333
307 -206.13 -166.667 33.3333
